Accuracy: 0.8723404255319149

              precision    recall  f1-score   support

           0       0.85      1.00      0.92        56
           1       0.91      0.65      0.75        62
           2       0.93      0.90      0.92        78
           3       0.90      0.97      0.93        58
           4       1.00      1.00      1.00        63
           5       0.75      0.75      0.75        56
           6       0.74      0.84      0.79        50

    accuracy                           0.87       423
   macro avg       0.87      0.87      0.87       423
weighted avg       0.88      0.87      0.87       423
