Accuracy: 0.9432624113475178

              precision    recall  f1-score   support

           0       0.98      0.96      0.97        56
           1       0.83      0.92      0.87        62
           2       0.99      0.95      0.97        78
           3       1.00      0.98      0.99        58
           4       1.00      1.00      1.00        63
           5       0.89      0.86      0.87        56
           6       0.92      0.92      0.92        50

    accuracy                           0.94       423
   macro avg       0.94      0.94      0.94       423
weighted avg       0.95      0.94      0.94       423
