Accuracy: 0.950354609929078

              precision    recall  f1-score   support

           0       0.92      1.00      0.96        56
           1       0.94      0.82      0.88        62
           2       0.97      0.96      0.97        78
           3       0.97      0.97      0.97        58
           4       1.00      1.00      1.00        63
           5       0.85      0.95      0.90        56
           6       1.00      0.96      0.98        50

    accuracy                           0.95       423
   macro avg       0.95      0.95      0.95       423
weighted avg       0.95      0.95      0.95       423
